30001
30005
30006
30007
30010
30011
30015
30016
30017
30018
30019
30020
30021
30022
60002
60004
60007
60008
60009
60010
60011
60012
60014
60017
60018
60019
60020
60021
60022
60024
60026
60027
60028
60029
60030
60031
60032
60034
60035
60036
60037
60038
60039
60041
60043
60046
60047
60048
60049
60050
60051
60053
60056
60057
60058
60059
60060
60061
60063
60065
60066
60067
60068
60069
60070
60071
60073
60074
60075
60076
60077
60078
60079
60080
60081
60083
60084
60085
60086
60087
60088
60089
60090
60091
60093
60094
60095
60096
60097
60098
60099
60100
60101
60102
60103
60104
60105
60106
60107
60108
60109
60110
60111
60112
60113
60114
60115
60116
60117
60118
60119
60120
60121
60122
60123
60124
60125
60126
60127
60128
60129
60130
60131
60132
60133
60134
60135
60136
60137
60138
60139
60140
60141
60142
60143
60145
60148
60149
60150
60151
60152
60153
60155
60158
60159
60160
60161
60162
60163
60164
60165
60166
60168
60169
60170
60171
60172
60173
60174
60175
60176
60178
60179
60180
60181
60182
60183
60184
60185
60186
60188
60189
60190
60191
60192
60193
60194
60195
60196
60198
60199
60200
60201
60202
60203
60204
60205
60206
60207
60208
60209
60210
60211
60212
60213
60214
60215
60216
60217
60218
60219
60220
60221
60222
60223
60224
60225
60226
60227
60228
60229
60230
60231
60232
60233
60234
60235
60236
90011
120001
120002
120003
120004
120005
150001
150002
150003
150004
150005
150006
150007
150008
150009
150010
150011
150012
150013
150014
150015
150016
150017
150018
150019
150020
150021
150022
150023
150024
150025
150026
150027
150028
150029
150030
150031
150032
150033
150034
150035
150036
150037
150038
180002
180003
180004
180005
180006
180007
180008
180010
240001
240002
240003
240004
240005
240006
240007
240008
240009
240010
240011
240012
240013
240014
240015
240016
240017
240018
240019
240020
240021
240022
240023
240024
240025
240026
240027
240028
